Performing docking (random seed: 1674262539) 
mode |   affinity | dist from best mode
     | (kcal/mol) | rmsd l.b.| rmsd u.b.
-----+------------+----------+----------
   1       -7.394          0          0
   2       -7.011      1.485      2.301
   3       -6.849      3.004       8.56
   4       -6.799      3.117      10.87
   5       -6.689      2.672      3.778
   6       -6.482      3.693      10.07
   7       -6.439      2.868      6.078
   8       -6.434      3.064      7.779
   9       -6.105      3.752      10.71
  10       -5.778      3.006      8.083